<?xml version="1.0" encoding="UTF-8" standalone="no"?>				
<svg				
xmlns="http://www.w3.org/2000/svg"				
width="600px"				
height="100px"				
version="1.1"				
viewBox="-0.500000 -0.500000 6.000000 1.000000">
				<g transform="scale(1,-1)">

<polyline 
				  objectType="7"
				  style="fill:none;stroke:#000000;stroke-width:0.015000"
				  xPos="0.984342"
				  yPos="0.133229"
				  r1="0.244969"
				  r2="0.354944"
				  transform="rotate(128.024246,0.984342,0.133229)"
				  vortexStyle="0"
				  rotationDir="1"
				  numRevolutions="2"
				  id="024A1468"
				  points="-0.150900,0.192974 -0.179300,0.169063 -0.205736,0.143299 -0.229918,0.115965 -0.251580,0.087360 -0.270487,0.057799 -0.286429,0.027604 -0.299234,-0.002894 -0.308760,-0.033359 -0.314904,-0.063459 -0.317597,-0.092864 -0.316811,-0.121251 -0.312553,-0.148310 -0.304871,-0.173744 -0.293849,-0.197275 -0.279608,-0.218644 -0.262303,-0.237618 -0.242124,-0.253988 -0.219292,-0.267575 -0.194058,-0.278231 -0.166697,-0.285838 -0.137511,-0.290314 -0.106817,-0.291609 -0.074954,-0.289709 -0.042269,-0.284635 -0.009121,-0.276443 0.024127,-0.265221 0.057111,-0.251094 0.089468,-0.234216 0.120846,-0.214772 0.150900,-0.192974 0.179300,-0.169063 0.205736,-0.143299 0.229918,-0.115965 0.251580,-0.087360 0.270487,-0.057799 0.286430,-0.027604 0.299234,0.002894 0.308760,0.033359 0.314904,0.063459 0.317597,0.092864 0.316811,0.121251 0.312553,0.148310 0.304871,0.173744 0.293849,0.197275 0.279608,0.218644 0.262302,0.237618 0.242124,0.253988 0.219292,0.267575 0.194058,0.278231 0.166697,0.285838 0.137511,0.290314 0.106817,0.291609 0.074954,0.289709 0.042269,0.284635 0.009121,0.276443 -0.024127,0.265221 -0.057111,0.251094 -0.089468,0.234216 -0.120846,0.214772 -0.150900,0.192974 "/>
</g>

</svg>